3351974
2943274
3460329
46125802
46125820
46125832
46553501
46553503
46553505
46553507
46553509
48250646
48250648
48250654
49707881
49707885
49707887
50433009
50433013
51256409
51587077
51826895
51826897
51826899
51826903
51826905
51826907
51984731
51984733
51984735
5590499
31607431
46125804
46125806
46125808
46125810
46125812
46125814
46125822
46125824
46125834
46125836
46125844
46125846
46125848
46553511
46553513
46553515
46553517
46553519
46553525
46553527
46553535
46553539
48250650
48250652
48250658
48250660
48250662
48250664
48250666
48250668
48250670
48250672
48250674
48250676
48250678
48250680
48250682
48250686
48250688
49707889
49707891
49707893
49707895
49707897
49707899
49707901
49707903
49707923
50433005
50433007
50433011
50433015
50433017
50433019
50433023
51256419
51587073
51587075
51587081
51587083
51587085
51587089
51587091
51587093
51826901
51826910
51826912
51826914
51826916
51826918
51826920
51826922
51826924
51826926
51826928
51826934
51826936
51826938
51826940
51984737
51984739
51984741
51984745
51984751
51984753
51984759
51984763
46125826
46125828
46553533
46613842
46613844
49707909
51587114
46553523
49707907
49707917
50433021
51587142
51826930
51826932
51826942
51984747
51984757
46125818
46553521
48250656
48250684
49707913
50433027
51256551
2561655
48250850
51587168
51826997
51984743
46125830
51984749
46125838
46553529
46553531
46553543
48250848
48250864
49707905
49707919
50433025
50433029
50433035
51587172
51587174
51587176
51587180
51826999
51827007
51984755
51984765
46125840
48250852
51827003
51984767
46553537
46553541
48250866
49707911
49707915
49707925
49707927
49707931
50433031
50433033
50433049
50433053
51256559
51587189
51587191
51827005
51984761
51984931
51984933
46125816
46126184
46553545
48250854
48250860
48250868
49707929
51256557
51256573
51587195
51587197
51587201
51827001
51827011
51984935
51984937
51984941
49707921
30779123
46126186
46126188
46126192
46126194
46126196
46126198
46126200
46126202
46126206
46126208
46553547
46553639
46553641
46553643
46553645
46553647
46553649
46553651
46553653
46553655
46553657
48250790
48250792
48250856
48250858
48250862
48250870
48250872
48250874
48250876
48250878
48250880
48250882
48250884
48250886
48250888
48250890
48250892
48250894
48250896
48250898
48250900
49708045
49708047
49708051
49708053
49708055
49708057
49708061
49708063
49708065
50433037
50433039
50433041
50433043
50433045
50433047
50433051
50433055
50433057
50433059
50433069
50433071
50433079
50768994
51256583
51587116
51587118
51587120
51587124
51587126
51587128
51587132
51587144
51587205
51587209
51587211
51587215
51587217
51827009
51827013
51827015
51827017
51827019
51827021
51827024
51827026
51827028
51827030
51827032
51827034
51827038
51827040
51984939
51984943
51984945
51984947
51984951
51984955
51984959
51984963
51984965
48250800
48250803
50433067
51827036
51827042
51827044
40158880
46126214
46553663
46553681
48250794
48250796
48250798
48250818
49708049
49708067
51587160
51826944
51827046
46126212
46553665
46553673
46553683
48250814
49708069
49708071
49708073
50433063
50433065
51826946
51826948
51826950
51984949
48250810
48250816
31607303
46126204
46126210
46126216
46126218
46126220
46126222
46553659
46553669
46553671
46553675
46553677
48250812
48250820
48250824
48250833
49708075
49708077
50433061
50433073
50433075
50433077
50433081
50433083
51587164
51587269
51587271
51587273
51826952
51826954
51826956
51826959
51826961
51826965
51984777
51984779
51984953
51984957
51984961
51984967
51984969
51984971
51984973
51984975
46126224
46126228
46553667
46553679
48250822
51256524
46803585
48250693
51984783
46126226
46126230
46553685
46553689
48250691
48250695
48250697
48250699
48250701
48250727
49708079
49708081
49708083
49708085
50433089
50433091
50433099
51587281
51587293
51587295
51587299
51826963
51826967
51826971
51984769
51984771
51984773
51984775
51984781
51984787
51984789
51984791
51984793
51984817
46613846
46126126
46126232
49708095
46126130
51587305
49708091
46126128
46126132
46126136
46553687
48250707
48250709
50433101
51587313
51826969
51826973
51826977
51984785
51984795
46126138
49708089
50433087
50433095
50433103
51587315
51587317
51826983
51984801
31607105
46553551
46553555
48250703
48250711
49707983
49707985
49707987
49707989
49707991
49707993
49707996
49708093
50433085
50433093
50433097
50433159
50433161
50433163
50433165
51257004
51587221
51587225
51587227
51826975
51826979
51984797
51984799
51984805
51984807
51984813
51984823
46126140
46126142
46126152
46553553
48250705
48250715
49707998
49708003
49708011
49708019
50433167
50433175
51587235
51587245
51587253
51826985
51826987
51826989
51826991
51826995
51984803
51984811
51984815
51984867
51984977
46126148
46553557
46553559
48250723
48250733
50433169
50433173
50433177
50433179
51587237
51587239
51587241
51587255
51587257
51587259
51826993
51827089
51827101
51984861
51984873
46553561
48250717
48250719
49708009
49708023
51827103
51984871
51984883
31607213
46126146
48250713
48250721
48250729
48250731
48250737
49708005
49708007
49708017
49708025
50433171
50433181
50433183
50433185
50433189
51587371
51587373
51587375
51587381
51827105
51827107
51827109
51827111
51984881
51984885
51984897
51984903
26949837
26949855
5601609
5648979
5648981
5648989
5648991
5810315
46126144
46553563
46553565
48250725
48250735
49708001
49708013
49708015
50433191
51587379
51587391
51587393
51587395
51587401
51827113
51827115
51827121
51984879
51984887
51984895
46126122
46126154
46553567
46553569
46553571
46553573
46553575
46553577
46553581
46553583
46553585
46553587
48250739
48250826
49708021
49708027
49708029
50433187
50433193
50433195
50433197
50433199
50433201
50433203
50433205
51587405
51587407
51827126
51827128
51827136
51984809
51984819
51984821
51984829
46553589
46553597
48250837
50433207
51587413
51827117
51827119
51827123
51827132
51984827
10029185
2960240
31069738
31069740
31429756
31429758
31429760
31432159
31432161
31432163
31516159
31516163
31665611
31673792
31673809
31673830
31673832
32318032
32318733
33602646
34382264
34382268
3463661
3469017
3469023
3489771
3489773
35613770
35613872
35825950
36315080
36315228
38040972
41524918
46803589
48250841
48577587
48580355
49708033
51045215
5776038
5796355
6779283
6779533
7012245
7012247
7095340
7095486
46553591
51257034
46126156
46126158
46126162
46553593
46553595
48250828
48250831
48250843
49707933
49707935
49707937
50433119
51587319
51587321
51587325
51827130
51827134
51827144
51984825
51984841
51984843
48250839
39565124
46126087
46126089
46126092
46126094
46126096
46126160
46126164
46126166
46126168
46126170
46126172
46126176
46126178
46553599
46553601
46553603
46553605
46553607
46553609
46553611
46553613
46553615
46553619
46553621
46553625
48250742
48250744
48250746
48250748
48250750
48250752
48250754
48250756
48250764
48250774
49707939
49707941
49707943
49707945
49707949
49707951
49707953
49707955
49707957
49708924
50433113
50433115
50433117
50433121
50433123
50433125
50433127
50433129
50433131
50433135
50433143
50433157
51587327
51587331
51587333
51587337
51587339
51587341
51587343
51587345
51587347
51587349
51587355
51587357
51587359
51587361
51587363
51587365
51827048
51827050
51827053
51827055
51827057
51827059
51827061
51827063
51827065
51827140
51827142
51827146
51827148
51827150
51984831
51984833
51984835
51984837
51984839
51984845
51984847
51984849
51984851
51984853
51984855
51984863
51984865
51984869
51984877
48250770
49707971
51984875
46126098
46126100
46126102
46126104
48250762
48250768
49707947
49707959
49707961
49707963
49707967
49707973
51587472
51587474
51827067
51827075
51827091
51984857
51984901
46126110
46553627
48250760
51984889
51984891
51984893
51984899
26950035
26950093
29224196
29446796
30778927
30778929
30778931
30778933
30778935
46126112
46126114
46553631
48250758
48250766
49707965
49707969
49707975
49707977
49707981
50433133
50433141
50433155
51280016
51587478
51587480
51587482
51587486
50433137
46553623
46553629
48250772
49707979
51587429
30778941
46126106
46126116
49708926
51827069
51827081
51827087
51984909
51984925
48250781
46126108
48250777
48250783
51827073
51984915
31536083
50433139
51984923
39505365
46126120
49708035
22302279
22302366
26839267
27292549
30610761
31443431
3321861
3376815
3387475
3468913
3480748
3653481
3768311
3853066
4403830
4447492
4718169
39099585
39099638
39099641
50553523
35825567
46126118
46126124
46553633
46553635
48250779
48250785
48250787
49708037
49708039
50433145
50433149
50433153
51587421
51587425
51587431
51827071
51827077
51827083
51827093
51984907
51984911
51984913
51984917
51984919
51984929
49708041
51827079
51984905
51984921
21973579
22111527
26463017
28790798
28790812
28790857
29665020
29665034
29665038
29665040
44608296
4637740
5590741
5637977
20733710
35825573
35869349
3914545
40652993
4495643
4502891
4513007
4513015
4513025
4522871
4554213
4571271
4571541
4575911
4584792
4611329
4611335
4630696
46553637
4669814
4692733
4704153
4723072
49708043
49708059
50433147
50433151
51587437
51587439
51827085
51827095
51827097
51827099
51984927
7120929
3896580
3896654
3914565
3914577
4439519
4439521
4495645
4502889
4505895
4505897
4506814
4513011
4522873
4536840
4536858
4555505
4555511
4571277
4571543
4575909
4584790
4611303
4611327
4611331
4642874
4668612
4669816
4692735
4700871
4700875
4723074
