10039
10045
3997158
4080500
4115028
5977324
5977326
7009712
7009714
7009716
7014489
10037
10038
10040
10041
10042
10043
10044
10046
10047
10048
13442325
13442397
14042438
14097054
14097201
14097234
14097262
16892878
16899067
20724074
20730478
20730480
20737549
20737557
20745831
20745833
20745835
20745837
20745839
20745841
20762826
20769781
20819307
20819311
20821972
20829605
20829613
20829615
20829617
20829627
20829631
20829641
20829643
20829647
20829649
20829651
20829653
20829655
20829657
20829659
20829661
20829810
20830431
20834537
20834553
20836252
20836262
20843167
20846154
20876480
21649410
21649413
21660843
22017494
23078914
24063549
2774855
2774859
2774869
2774873
2774877
2917820
2927378
2927382
2927384
2927388
2927410
2927418
2927420
2927426
2927430
2927434
2927436
2927440
2927456
2927464
2927466
2927468
2927472
2927474
2927478
31640173
31640233
31640245
31665355
31665361
31665378
3370139
3370149
3370159
3370171
3374914
3374920
3374922
3380096
3572916
3572924
3572928
3572934
38534516
38535137
407178
407179
4286264
47839823
48559477
4935833
5193011
5767250
5767252
5767254
5774089
5774091
5941450
5941452
5941454
5941458
5941460
5941462
5941464
5941466
5941468
5941470
5941472
5941474
5941476
5941478
5941480
5941482
6936907
6968035
7013066
710075
710076
710078
710079
710080
7208403
7208606
7256842
7403620
10032
10033
31435271
18755422
20725522
20735734
20735736
20753700
20798591
20798593
20798601
20821776
20829645
20853466
20875146
21444741
21444743
21444745
21444751
21444758
21444762
21444770
21444772
21446776
21446826
21450984
21451735
21451737
21481764
21481766
21505203
21512979
21512981
21628186
21628193
21643763
21643769
21643778
21644688
21644692
21646902
21646904
21660841
21686595
21709088
21709090
21709101
21710312
21710314
21713788
21713790
21732040
21732042
21740437
21759349
21759355
21777052
21777054
21782353
21814433
21814435
21814437
21842111
21842113
21848297
21848299
21855993
21898808
21907212
21907246
21943862
21943868
21943981
21944001
21949129
21949185
21950807
21964433
21964435
21971571
21971634
21971636
21971638
21971642
21971644
21972699
21972702
21982224
21986173
21986175
21986902
21986906
21987169
21987175
21987214
21987217
21998388
21998390
21998392
21998394
22005725
22008500
22013974
22013976
22022186
22022194
22040008
22041667
22067093
22067108
22067160
22067162
22084469
22084471
22084481
22085107
22101230
22101232
22123473
22123508
22123700
22123703
22242770
22352586
22352666
22352668
22352676
22352742
22352746
22352751
22352764
22353659
22353989
22353998
22354001
22423373
22423375
22423489
22423502
22475975
22530728
22530747
22620516
22620520
22621049
22621051
22621053
22621221
22621225
22685896
22727554
22772767
22853731
22853733
22853799
22925728
22925734
22925808
22925810
22925817
22925823
22983466
22997439
22997446
22998077
23038519
23038521
23038538
23038543
23038729
23038731
23055165
23080626
23080650
23091133
23108164
23116440
23116442
23117197
23169492
23248259
23314366
23315677
23315921
23315924
23349607
23349609
23362216
23362220
23415683
23415685
23425164
23434150
23434152
23497658
23498209
23505443
23505447
23506926
23507037
23507061
23507106
23507108
23509146
23537767
23537773
23611709
23612640
23631515
23762101
23811996
23812002
23817259
23817293
23883804
23885133
23885136
24006288
24157846
24158154
24158156
24166824
24166943
24232830
24232832
24232834
24232836
24235796
24330692
24330698
24330706
24330708
24330712
24330714
24401486
24401587
24401593
24409701
24409741
24409743
24568079
24715883
24715890
24715894
24715896
24823022
25109643
25109645
25200075
25200081
25200084
25259034
25259061
25259067
25259179
25663253
25663255
25756251
25756258
25756260
25756265
25756298
25756300
25790560
25872332
25917793
25917797
25949050
25959340
25959366
25959368
25959370
25962141
25963032
25975691
25975697
25975701
25975703
25975709
26042142
26364830
26516467
26516469
26519610
26519619
26519656
26594627
26594629
26594631
26594633
26605041
26605043
26758848
26795563
26862525
26862567
26862850
26904556
26904583
26947427
27011282
27020758
27020760
27142195
27142199
27193747
27193757
27193782
27221222
27228891
27228897
27291435
27291437
27302004
27303410
27303421
27303430
27356472
27356474
27408553
27408559
27435861
27435866
27607704
27607726
27792113
27824067
27834987
27835815
28002682
28064743
28064745
28064751
28117111
28128541
28128543
28226391
28226415
28226417
28226419
28284553
28285162
28345890
28345892
28347435
28347477
28404514
28404516
28404520
28448428
28448436
28448460
28448462
28467662
28574072
28574074
28582810
28582812
28582829
28664683
28720063
28720065
28720067
28720069
28720073
28738944
28764960
28838938
28838940
28889145
28896444
28897913
28897919
28940379
28940386
29102871
29107497
29107499
29107503
29107505
29112884
29112915
29112938
29112943
29112945
29112947
29112951
29112956
29112961
29112963
29112966
29128468
29128470
29289912
29289914
29289916
29327178
29327180
29327182
29343142
29343146
29375186
29430887
29509817
29510739
29510741
29510743
29515206
29515801
29515805
29518036
29535954
29535956
29538036
29538038
29562760
29562762
29564137
29564139
29564145
29564147
29565387
29565389
29621096
29636171
29636175
29636177
29636179
29728148
29728170
29728174
29805452
29805454
29805456
29805463
29831102
29924868
29935519
29935543
30014875
30015077
30015079
30149543
30149545
30150690
30184612
30184614
30186844
30186848
30237348
30237350
30321586
30321588
30385031
30385038
30385049
30385056
30432787
30432789
30628872
30689817
30689823
30689825
30733305
30733307
30733309
30802177
30802179
30916577
30916581
30923359
30923365
30934591
30934593
30959905
30959927
30959935
30959937
30959941
30959947
30959951
30965396
30965398
31056185
31056187
31056189
31172000
31172002
31172004
31172006
31185010
31185016
31191676
31191697
31235489
31235491
31276719
31276721
31315977
31315979
31315981
31322862
31322864
31360314
31360318
31364353
31374581
31413988
31428609
31435170
31435172
31447380
31447382
31447384
31447386
31451515
31451517
31451519
31451523
31468271
31468273
31468275
31468803
31487570
31487572
31495109
31495111
31509490
31509492
31518456
31518458
31533757
31540928
31540930
31549367
31549369
31555232
31555234
31571482
31571484
31571486
31571895
31571897
31571899
31571901
31571903
31571905
31590708
31598310
31602342
31602344
31602346
31602348
31602350
31602438
31609776
31609778
31609780
31609782
31609784
31609786
31609788
31645023
31645025
31646500
31646502
31646504
31646506
31647301
31647303
31647305
31647307
31805487
31805489
31805491
31805493
31805495
32316655
32316659
32487820
32487838
32487840
32487842
32487876
33704879
33704881
34228531
34228533
34793970
38974649
39067640
39067643
39067645
39067649
39067651
39479322
39479324
39479327
39479329
39829886
39829888
39829890
39829892
39829894
39829896
39829898
45298565
45298584
45298620
45298622
45654012
6735888
6735916
6735936
6735956
6735968
6735992
6736012
6736028
6940044
6969761
6969763
6969765
6969767
6969769
6969771
6969773
6969775
6969777
6969779
6969781
6969785
6969787
6969789
6969791
6969793
6969797
6969799
6969801
6969803
6969807
6969809
6969811
6969813
6969815
6969817
6969819
6969821
6969823
6969827
6969829
6969831
6969833
6969835
6969837
6969839
6969841
6969843
6969845
6969847
6969849
6969851
6969853
6969855
6969857
6969859
6969861
6969863
6969865
6969867
6969869
6969871
6969873
6969875
6969877
6969879
6969881
6969883
6969885
6969887
6969889
6993291
28730766
27213086
21204249
22476089
22965581
25833800
28664681
28774092
28774094
28774096
28774098
29073393
29612893
14548177
17625419
20740601
20740603
20746860
20746872
20746880
20746886
20748456
20748488
20893093
21643780
21871419
21900861
21907210
21986894
21986896
21986900
21986904
21986908
22067164
22091879
22091885
22853729
22853750
22855580
22925747
22925760
22925826
22925830
22977300
23055167
23168896
23285706
23285790
23498203
23687532
23687549
23867110
23867148
24032851
24032872
24674823
24703595
24703662
24703683
24715887
25130745
25130757
25130863
25130865
25236495
25474198
25476855
25476859
25477784
25477788
25756245
25756254
25756294
25756302
25756304
26595837
26595839
26595843
27001925
27001927
27051339
27124926
27124928
27290909
27342301
27345781
27408565
28187141
28187156
28197433
28197435
28197437
28404526
28482584
28482588
28482598
28530382
28530384
28599009
28702723
28702725
28702727
28791108
28955589
29048852
29050985
29050989
29050991
29050993
29065571
29065573
29102874
29102877
29183440
29183442
29209651
29217905
29275252
29275279
29275286
29275288
29275290
29282455
29367304
29367307
29375175
29375181
29397264
29397266
29397268
29447883
29509821
29509873
29535952
29535958
29535960
29562764
29659861
29659865
29659867
29659871
29667346
29667348
29667353
29667355
29667357
29667359
29761945
29761949
29775013
29935511
29935515
29935545
29935547
29935549
29935551
29935553
29935556
29935568
29935570
29935572
30141609
30142885
30142888
30142890
30142892
30142894
30142897
30142899
30142901
30142903
30142905
30142907
30142913
30142919
30142922
30142926
30186850
30873216
30873218
30890041
30890043
31111219
31111221
31111223
31111225
31111227
31111229
31235487
31304492
31350217
31350219
31386779
31386781
31397185
31397187
31413639
31424798
31424802
31424804
31424806
31424808
31424810
31425673
31425677
31425679
31425681
31425687
31425689
31433286
31447193
31520264
31520266
31520268
31533347
31533755
31564598
31590706
31605607
31605609
31605611
32196835
32196837
34829929
35808639
35808641
35808643
35808645
35969045
35969087
37077003
37077005
37077011
37077013
37077045
