799306444	10	2015-10-08	51168561	2.3030109469649944
799306444	10	2015-10-08	49168957	1.9578581851178485
799306444	10	2015-10-08	51490846	1.7591034135845411
799306444	10	2015-10-08	49168951	1.737966839182241
799306444	10	2015-10-08	51875415	1.719189222191984
799306444	10	2015-10-08	51200778	1.6178930449083626
799306444	10	2015-10-08	51752303	1.3996093528168716
799306444	10	2015-10-08	51490856	1.3525233784833117
799306444	10	2015-10-08	51612255	1.350585854937789
799306444	10	2015-10-08	50635998	1.3277024052892494
799306444	10	2015-10-08	51828239	1.3034279193293643
799306444	10	2015-10-08	51093254	1.1775947489306406
799306444	10	2015-10-08	46864913	1.1523847727305614
799306444	10	2015-10-08	51707253	1.1468008645548597
799306444	10	2015-10-08	51108374	1.065954211194669
799306444	10	2015-10-08	51612253	1.0219235084900684
799306444	10	2015-10-08	51752301	0.9893832466142538
799306444	10	2015-10-08	4681276	0.9725794800771588
799306444	10	2015-10-08	26309925	0.9525008430919687
799306444	10	2015-10-08	51110009	0.9269810723674333
799306444	10	2015-10-08	43411841	0.9201990588242578
799306444	10	2015-10-08	51270234	0.8889082252723656
799306444	10	2015-10-08	51109949	0.7717572041559099
799306444	10	2015-10-08	51323254	0.7658876325554496
799306444	10	2015-10-08	51620628	0.7443879725111241
799306444	10	2015-10-08	51898488	0.7431465063788967
799306444	10	2015-10-08	46864909	0.7395845216117135
799306444	10	2015-10-08	31067608	0.6673280268845954
799306444	10	2015-10-08	49919236	0.6659575576023039
799306444	10	2015-10-08	51925971	0.6564884847373396
799306444	10	2015-10-08	50692521	0.6564884847373396
799306444	10	2015-10-08	51490848	0.6357959361561082
799306444	10	2015-10-08	51490852	0.6357883499524418
799306444	10	2015-10-08	51620624	0.6333249695608828
799306444	10	2015-10-08	51395868	0.613838047420548
799306444	10	2015-10-08	51691780	0.5933206282707503
799306444	10	2015-10-08	51490854	0.5915468705549455
799306444	10	2015-10-08	47977048	0.5895091072685288
799306444	10	2015-10-08	48557877	0.5458199631212293
799306444	10	2015-10-08	51633119	0.5300101497417002
799306444	10	2015-10-08	51757455	0.5276798576001523
799306444	10	2015-10-08	51024154	0.520918391990473
799306444	10	2015-10-08	51646490	0.520918391990473
799306444	10	2015-10-08	46810395	0.512515931497055
799306444	10	2015-10-08	51938663	0.5116230756060037
799306444	10	2015-10-08	51564256	0.5020292916786329
799306444	10	2015-10-08	35099477	0.495646512116221
799306444	10	2015-10-08	46864911	0.4909245848690288
799306444	10	2015-10-08	51809654	0.487274537324389
799306444	10	2015-10-08	51395870	0.48366058481658464
799306444	10	2015-10-08	51639709	0.4822767176459767
799306444	10	2015-10-08	50637276	0.4784940967529138
799306444	10	2015-10-08	51779223	0.47709212319284117
799306444	10	2015-10-08	51646634	0.4681582323478947
799306444	10	2015-10-08	51646506	0.4659235740882317
799306444	10	2015-10-08	51576995	0.44888969552438523
799306444	10	2015-10-08	6038248	0.440913004812709
799306444	10	2015-10-08	29334364	0.43343030138166916
799306444	10	2015-10-08	51691786	0.4279781308687507
799306444	10	2015-10-08	44521780	0.42679423335631933
799306444	10	2015-10-08	51691802	0.41706850196274564
799306444	10	2015-10-08	51564262	0.41199735463801207
799306444	10	2015-10-08	50863241	0.40540646913594747
799306444	10	2015-10-08	30690043	0.38925190499841894
799306444	10	2015-10-08	50213786	0.3847237292919828
799306444	10	2015-10-08	51515145	0.37832898372743273
799306444	10	2015-10-08	51646636	0.3772526544234632
799306444	10	2015-10-08	51577001	0.3742388204990032
799306444	10	2015-10-08	51409932	0.373662304067695
799306444	10	2015-10-08	51646438	0.37356993914128883
799306444	10	2015-10-08	51646450	0.36498097634301135
799306444	10	2015-10-08	51639695	0.3523916162279337
799306444	10	2015-10-08	49400337	0.34656656021172877
799306444	10	2015-10-08	37971808	0.334529598165692
799306444	10	2015-10-08	31661022	0.332971107194154
799306444	10	2015-10-08	51646440	0.32809349873621074
799306444	10	2015-10-08	51409936	0.32795499786335364
799306444	10	2015-10-08	49133174	0.3218017127568389
799306444	10	2015-10-08	51691790	0.32060310774331907
799306444	10	2015-10-08	50637302	0.31775724015402584
799306444	10	2015-10-08	51168543	0.31680362570734616
799306444	10	2015-10-08	51564246	0.30796568589748613
799306444	10	2015-10-08	51419090	0.305856049732749
799306444	10	2015-10-08	51639679	0.2989128925255728
799306444	10	2015-10-08	48633330	0.29400324591316906
799306444	10	2015-10-08	51515159	0.29359057566370494
799306444	10	2015-10-08	51646442	0.29059745177369883
799306444	10	2015-10-08	51644998	0.2889535342544461
799306444	10	2015-10-08	51624498	0.28770640017410637
799306444	10	2015-10-08	50784082	0.28531875391250044
799306444	10	2015-10-08	51717223	0.28531875391250044
799306444	10	2015-10-08	51776031	0.28531875391250044
799306444	10	2015-10-08	51564252	0.2825418629778119
799306444	10	2015-10-08	50432685	0.2806791153742524
799306444	10	2015-10-08	51766890	0.2778418529140091
799306444	10	2015-10-08	51644948	0.27204075786573867
799306444	10	2015-10-08	51564288	0.26933381731463113
799306444	10	2015-10-08	52010892	0.26900110092163315
799306444	10	2015-10-08	50432681	0.2681680939640324
799306444	10	2015-10-08	50427282	0.13191776494024107
799306444	10	2015-10-08	51493761	0.12790483445852444
799306444	10	2015-10-08	48391853	0.1254181308163969
799306444	10	2015-10-08	20731243	0.1090419604597221
799306444	10	2015-10-08	50837694	0.09974425983089574
799306444	10	2015-10-08	39686968	0.08906310950898168
799306444	10	2015-10-08	51333013	0.08830527891810949
799306444	10	2015-10-08	50432712	0.0877529264819617
799306444	10	2015-10-08	51289789	0.08629607953779446
799306444	10	2015-10-08	51069301	0.08533929535477368
799306444	10	2015-10-08	49736724	0.08140706741734612
799306444	10	2015-10-08	20731245	0.08107361160326484
799306444	10	2015-10-08	6918419	0.07887372115374995
799306444	10	2015-10-08	50996755	0.07866616208988969
799306444	10	2015-10-08	48631836	0.07860189080828067
799306444	10	2015-10-08	51184985	0.07699393935893568
799306444	10	2015-10-08	51584158	0.0754590230868307
799306444	10	2015-10-08	31904092	0.07432363248906593
799306444	10	2015-10-08	50680139	0.07394061300668614
799306444	10	2015-10-08	51420285	0.07311284480836082
799306444	10	2015-10-08	5618687	0.07235572479972525
799306444	10	2015-10-08	3019798	0.06794595028410505
799306444	10	2015-10-08	31483750	0.06740938189413856
799306444	10	2015-10-08	5576574	0.06686592104105116
799306444	10	2015-10-08	51751075	0.06677122062713339
799306444	10	2015-10-08	50564887	0.0647097214517393
799306444	10	2015-10-08	5429159	0.06377373798994315
799306444	10	2015-10-08	47006139	0.060316275697011916
799306444	10	2015-10-08	50064545	0.060292784094614936
799306444	10	2015-10-08	23152613	0.059688619569027886
799306444	10	2015-10-08	5251306	0.05869007782822291
799306444	10	2015-10-08	50996574	0.05816961888029001
799306444	10	2015-10-08	2805527	0.05797987087385623
799306444	10	2015-10-08	51011395	0.05705629438412233
799306444	10	2015-10-08	50756440	0.05688618019509431
799306444	10	2015-10-08	33473205	0.05668229416814911
799306444	10	2015-10-08	40456506	0.05632060873022526
799306444	10	2015-10-08	51211108	0.05586429260758655
799306444	10	2015-10-08	50009428	0.055392562533554277
799306444	10	2015-10-08	51752299	0.05478564977754272
799306444	10	2015-10-08	33014134	0.054552964664491374
799306444	10	2015-10-08	33008531	0.053523546230560846
799306444	10	2015-10-08	20751035	0.05316193715911856
799306444	10	2015-10-08	29051370	0.05300634148342286
799306444	10	2015-10-08	5004153	0.05236413808496923
799306444	10	2015-10-08	2252057	0.052228699653712754
799306444	10	2015-10-08	50680129	0.05154530479643431
799306444	10	2015-10-08	35614278	0.05141578280241234
799306444	10	2015-10-08	5690920	0.051172838829957754
799306444	10	2015-10-08	31644783	0.05053926709159719
799306444	10	2015-10-08	51905224	0.05045624855088419
799306444	10	2015-10-08	43302531	0.05041257478071825
799306444	10	2015-10-08	51397553	0.05038263791327665
799306444	10	2015-10-08	34328731	0.049507756329698144
799306444	10	2015-10-08	32531484	0.04891467800978468
799306444	10	2015-10-08	50996576	0.04845557907638642
799306444	10	2015-10-08	31472550	0.047499311135315254
799306444	10	2015-10-08	51472128	0.04721584721523532
799306444	10	2015-10-08	51343573	0.04714769273466287
799306444	10	2015-10-08	51212183	0.0468930703775868
799306444	10	2015-10-08	39569122	0.04677654985458168
799306444	10	2015-10-08	22181799	0.046551783650525425
799306444	10	2015-10-08	51409373	0.046460963603359245
799306444	10	2015-10-08	5779999	0.0460351692503934
799306444	10	2015-10-08	49090448	0.045884878402627206
799306444	10	2015-10-08	51554355	0.0453899478643362
799306444	10	2015-10-08	51254542	0.04532767083093754
799306444	10	2015-10-08	47979863	0.04510059960268074
799306444	10	2015-10-08	51253490	0.04441742629987777
799306444	10	2015-10-08	33008529	0.044228745029997386
799306444	10	2015-10-08	5690922	0.044206987562256744
799306444	10	2015-10-08	51409368	0.04403390707267732
799306444	10	2015-10-08	51952079	0.04352694403686043
799306444	10	2015-10-08	6110908	0.04340338632489021
799306444	10	2015-10-08	5962282	0.04303026299241554
799306444	10	2015-10-08	32668009	0.042812193821052356
799306444	10	2015-10-08	50551065	0.04275103453812142
799306444	10	2015-10-08	2737865	0.042500115971504666
799306444	10	2015-10-08	51186106	0.042438923953465164
799306444	10	2015-10-08	27484652	0.042152424760621005
799306444	10	2015-10-08	51186114	0.04186436810706652
799306444	10	2015-10-08	5546225	0.04180796241084333
799306444	10	2015-10-08	31558803	0.041723315743865855
799306444	10	2015-10-08	30391202	0.04136848935743537
799306444	10	2015-10-08	22043122	0.041333290181492975
799306444	10	2015-10-08	42938535	0.0411964905103285
799306444	10	2015-10-08	5801561	0.04084027406487436
799306444	10	2015-10-08	4246256	0.04069950901042221
799306444	10	2015-10-08	50996580	0.040685377179739836
799306444	10	2015-10-08	50423728	0.04060624801619415
799306444	10	2015-10-08	51290509	0.04048889638025434
799306444	10	2015-10-08	51011389	0.040445629136483134
799306444	10	2015-10-08	25178955	0.040146821974766836
799306444	10	2015-10-08	26296588	0.04005915670571824
799306444	10	2015-10-08	25960629	0.03990413561053818
799306444	10	2015-10-08	51399110	0.0398232599220131
799306444	10	2015-10-08	5520816	0.039645007285028365
799306444	10	2015-10-08	5661992	0.03954845418431388
799306444	10	2015-10-08	26473153	0.03950789846237685
799306444	10	2015-10-08	23481509	0.039354256321771044
799306444	10	2015-10-08	51173731	0.039233403083547294
799306444	10	2015-10-08	46613795	0.039225232833057185
799306444	10	2015-10-08	5754909	0.039180532608966555
799306444	10	2015-10-08	4632965	0.039145809875346445
799306444	10	2015-10-08	51186064	0.03913874261152137
799306444	10	2015-10-08	30506555	0.03864233984502774
799306444	10	2015-10-08	25583977	0.038621734504920735
799306444	10	2015-10-08	51253483	0.03854515564898672
799306444	10	2015-10-08	4285057	0.03847190815104292
799306444	10	2015-10-08	47238378	0.038449173499112525
799306444	10	2015-10-08	46395867	0.038237412011287365
799306444	10	2015-10-08	50679087	0.03822204041063861
799306444	10	2015-10-08	51752070	0.03810397199639301
799306444	10	2015-10-08	3488783	0.038029037299407896
799306444	10	2015-10-08	25904783	0.037996853067513214
799306444	10	2015-10-08	51554348	0.037921303493854405
799306444	10	2015-10-08	51471194	0.037816665885281084
799306444	10	2015-10-08	48848929	0.03766003863414597
799306444	10	2015-10-08	35866372	0.037627580581109085
799306444	10	2015-10-08	39540830	0.03752071598451563
799306444	10	2015-10-08	4424769	0.03722159718214838
799306444	10	2015-10-08	25180163	0.037208935736307604
799306444	10	2015-10-08	31433971	0.037161594098059456
799306444	10	2015-10-08	31494738	0.036925331102970645
799306444	10	2015-10-08	28841618	0.03690428985539638
799306444	10	2015-10-08	51333621	0.03668735036850223
799306444	10	2015-10-08	48775395	0.03668719833638345
799306444	10	2015-10-08	51469734	0.03517929975760472
799306444	10	2015-10-08	32668007	0.03433277298136031
799306444	10	2015-10-08	2550822	0.034174505793887186
799306444	10	2015-10-08	31584600	0.03303268395179526
799306444	10	2015-10-08	29814103	0.03238241961555142
799306444	10	2015-10-08	4884870	0.032195626736726136
799306444	10	2015-10-08	50577697	0.03211660846860338
799306444	10	2015-10-08	30964266	0.03204383248044237
799306444	10	2015-10-08	47861207	0.031999613989500096
799306444	10	2015-10-08	20733095	0.031840910828533645
799306444	10	2015-10-08	31494740	0.03173730361519223
799306444	10	2015-10-08	45625366	0.03162732584384936
799306444	10	2015-10-08	2969638	0.030703047700566366
799306444	10	2015-10-08	51011393	0.030146392047307468
799306444	10	2015-10-08	33008521	0.0298230595408531
799306444	10	2015-10-08	43299205	0.029759553166645802
799306444	10	2015-10-08	31472548	0.029421744484693473
799306444	10	2015-10-08	51429811	0.028336902601766325
799306444	10	2015-10-08	2737863	0.028175327575438707
799306444	10	2015-10-08	32668003	0.027994080791976385
799306444	10	2015-10-08	31472546	0.027802220795504408
799306444	10	2015-10-08	51469754	0.027601951018449186
799306444	10	2015-10-08	5112385	0.027596611089062237
799306444	10	2015-10-08	51173244	0.027490720164102325
799306444	10	2015-10-08	5553318	0.027255928481461578
799306444	10	2015-10-08	51156679	0.027020139824608956
799306444	10	2015-10-08	5555868	0.026812860020419504
799306444	10	2015-10-08	51322572	0.026400552149013354
799306444	10	2015-10-08	47664441	0.026014238674921683
799306444	10	2015-10-08	5319511	0.025945883188324786
799306444	10	2015-10-08	2768962	0.025761826598437402
799306444	10	2015-10-08	3525190	0.024856871366004576
799306444	10	2015-10-08	4027192	0.024607049023129247
799306444	10	2015-10-08	20732899	0.024335093048891372
799306444	10	2015-10-08	36378224	0.024214164789069934
799306444	10	2015-10-08	50996568	0.024104636731279085
799306444	10	2015-10-08	31565524	0.023953595165544125
799306444	10	2015-10-08	51749722	0.02384540455723563
799306444	10	2015-10-08	32668013	0.02382291753458802
799306444	10	2015-10-08	2737869	0.02380431944906378
799306444	10	2015-10-08	39153284	0.02354352653141749
799306444	10	2015-10-08	51439159	0.023535954030395607
799306444	10	2015-10-08	6952841	0.023070984834696922
799306444	10	2015-10-08	30964270	0.022904529769860543
799306444	10	2015-10-08	2967792	0.02273372231021767
799306444	10	2015-10-08	20728031	0.022618986778816654
799306444	10	2015-10-08	49084498	0.0219481214655626
799306444	10	2015-10-08	2967664	0.021922360964220008
799306444	10	2015-10-08	48800420	0.021793340540138626
799306444	10	2015-10-08	20736156	0.021579880756452157
799306444	10	2015-10-08	26618468	0.021346386621522728
799306444	10	2015-10-08	20731903	0.021229350337458375
799306444	10	2015-10-08	2969614	0.02111164455215632
799306444	10	2015-10-08	5417353	0.021047992981082817
799306444	10	2015-10-08	51291553	0.02095810251202845
799306444	10	2015-10-08	38883788	0.02088603307633075
799306444	10	2015-10-08	51083391	0.02083754403791048
799306444	10	2015-10-08	37778891	0.02063982368963081
799306444	10	2015-10-08	30089094	0.020126742138197217
799306444	10	2015-10-08	9555671	0.020111638322001725
799306444	10	2015-10-08	31584602	0.02010071087132231
799306444	10	2015-10-08	21870824	0.01961729739483455
799306444	10	2015-10-08	45428641	0.019565734766176814
799306444	10	2015-10-08	49678184	0.01950799484115023
799306444	10	2015-10-08	30964268	0.019450076136340658
799306444	10	2015-10-08	30942738	0.019355954398239793
799306444	10	2015-10-08	35443277	0.0191946461440666
799306444	10	2015-10-08	22677144	0.019120524305499296
799306444	10	2015-10-08	45625360	0.019004952107843028
799306444	10	2015-10-08	39074566	0.018938801573478384
799306444	10	2015-10-08	35136309	0.01892307924173351
799306444	10	2015-10-08	51683317	0.01888359321847818
799306444	10	2015-10-08	34471244	0.018756211394077977
799306444	10	2015-10-08	43302580	0.01866020368963769
799306444	10	2015-10-08	43336043	0.018645988289661627
799306444	10	2015-10-08	21773596	0.018388418429729127
799306444	10	2015-10-08	4406512	0.018232114402330756
799306444	10	2015-10-08	2854082	0.01821610287175805
799306444	10	2015-10-08	38883372	0.01819505381282339
799306444	10	2015-10-08	49537593	0.018187167878411833
799306444	10	2015-10-08	31472562	0.018004302493632288
799306444	10	2015-10-08	51429817	0.01788851685817307
799306444	10	2015-10-08	2969656	0.01780848847104585
799306444	10	2015-10-08	21793721	0.017793085724866455
799306444	10	2015-10-08	33931418	0.01778740284439781
799306444	10	2015-10-08	4400302	0.017579387739551144
799306444	10	2015-10-08	51875441	0.01755190803737673
799306444	10	2015-10-08	2969680	0.017365537740074734
799306444	10	2015-10-08	31709	0.017342349280868256
799306444	10	2015-10-08	50423416	0.01730913136516305
799306444	10	2015-10-08	50272731	0.017301938670290673
799306444	10	2015-10-08	48417415	0.01730122879256464
799306444	10	2015-10-08	50996558	0.017204091947214107
799306444	10	2015-10-08	21760	0.017160118643388886
799306444	10	2015-10-08	3360661	0.01705459478500135
799306444	10	2015-10-08	34974158	0.016896403968259848
799306444	10	2015-10-08	31255862	0.016796144429284017
799306444	10	2015-10-08	5318885	0.016722209584124136
799306444	10	2015-10-08	48272100	0.016609735680506256
799306444	10	2015-10-08	88889	0.016599310317363964
799306444	10	2015-10-08	2776198	0.0164744189381135
799306444	10	2015-10-08	51613459	0.016470733460817774
799306444	10	2015-10-08	21629498	0.016434614534249267
799306444	10	2015-10-08	50907491	0.016289257896963803
799306444	10	2015-10-08	2969664	0.016288735415540222
799306444	10	2015-10-08	2645671	0.016182343313328365
799306444	10	2015-10-08	50494749	0.01616784674308912
799306444	10	2015-10-08	3073046	0.016148196838485524
799306444	10	2015-10-08	51156749	0.016068347216903017
799306444	10	2015-10-08	45725185	0.016023974608511998
799306444	10	2015-10-08	5263668	0.015975895147573773
799306444	10	2015-10-08	50327346	0.015958117858259693
799306444	10	2015-10-08	11772	0.01585127310281076
799306444	10	2015-10-08	5164981	0.01584441366864716
799306444	10	2015-10-08	21772830	0.015794593518323588
799306444	10	2015-10-08	30740777	0.015769652206837036
799306444	10	2015-10-08	23679005	0.015723180137341364
799306444	10	2015-10-08	7476103	0.015564417295322182
799306444	10	2015-10-08	31652985	0.015516794028091314
799306444	10	2015-10-08	3583280	0.015504538506602675
799306444	10	2015-10-08	31009484	0.015483743580906862
799306444	10	2015-10-08	45625636	0.01544535399038901
799306444	10	2015-10-08	31426318	0.01543397651185473
799306444	10	2015-10-08	5111995	0.015423988168483449
799306444	10	2015-10-08	2969668	0.01542050562283548
799306444	10	2015-10-08	51692867	0.015377627144922006
799306444	10	2015-10-08	30964391	0.015351823248458985
799306444	10	2015-10-08	5207587	0.015311032080735946
799306444	10	2015-10-08	31009486	0.015267412016461616
799306444	10	2015-10-08	34974144	0.015136396284169464
799306444	10	2015-10-08	26031850	0.015029967455358144
799306444	10	2015-10-08	50297536	0.014856199227966285
799306444	10	2015-10-08	50064552	0.014856199227966285
799306444	10	2015-10-08	5399414	0.014852332439648654
799306444	10	2015-10-08	47602449	0.014780469105203335
799306444	10	2015-10-08	28655449	0.01477876455638486
799306444	10	2015-10-08	28459286	0.014748727109910096
799306444	10	2015-10-08	48220676	0.01469037065912517
799306444	10	2015-10-08	50127218	0.014688797684846851
799306444	10	2015-10-08	2691482	0.014651510225008706
799306444	10	2015-10-08	31402675	0.014448555853035415
799306444	10	2015-10-08	47666660	0.014384453049463225
799306444	10	2015-10-08	3128033	0.014282822969942526
799306444	10	2015-10-08	33635085	0.014264073596030583
799306444	10	2015-10-08	3404263	0.014256443464320761
799306444	10	2015-10-08	4459505	0.01423836823805946
799306444	10	2015-10-08	86560	0.01423558657344791
799306444	10	2015-10-08	21649331	0.014184901438238404
799306444	10	2015-10-08	3029492	0.014157861379246881
799306444	10	2015-10-08	35873179	0.014125394032742551
799306444	10	2015-10-08	2596690	0.014116410667037203
799306444	10	2015-10-08	5801569	0.014091718405534302
799306444	10	2015-10-08	31402767	0.013938188915421696
799306444	10	2015-10-08	24884064	0.013870602494372402
799306444	10	2015-10-08	39567868	0.013850395039294333
799306444	10	2015-10-08	38395710	0.013833823839119143
799306444	10	2015-10-08	51322557	0.013823988145762014
799306444	10	2015-10-08	50921306	0.013823385506177174
799306444	10	2015-10-08	5752861	0.01381822888474781
799306444	10	2015-10-08	21912192	0.013799261055027308
799306444	10	2015-10-08	30942775	0.013792671484197156
799306444	10	2015-10-08	13739	0.01378301670258596
799306444	10	2015-10-08	35502010	0.013750828895805846
799306444	10	2015-10-08	31426320	0.01372746748580424
799306444	10	2015-10-08	33666646	0.013700867119296484
799306444	10	2015-10-08	2698265	0.0136726638570227
799306444	10	2015-10-08	4415354	0.013614153807715617
799306444	10	2015-10-08	5046622	0.013608456816521843
799306444	10	2015-10-08	2969588	0.013586537236898767
799306444	10	2015-10-08	20830771	0.013581835332483062
799306444	10	2015-10-08	51107011	0.013561792393246614
799306444	10	2015-10-08	20759660	0.013561792393246612
799306444	10	2015-10-08	50041334	0.013508831108172857
799306444	10	2015-10-08	26751008	0.013503477573547756
799306444	10	2015-10-08	4342487	0.013494305825657296
799306444	10	2015-10-08	985746	0.013472594149562003
799306444	10	2015-10-08	51322584	0.013472245987913887
799306444	10	2015-10-08	30942647	0.013460409972568275
799306444	10	2015-10-08	38395803	0.013440730083550335
799306444	10	2015-10-08	31611948	0.013433057323013956
799306444	10	2015-10-08	50863752	0.013363577092789023
799306444	10	2015-10-08	36302793	0.013359451451593979
799306444	10	2015-10-08	5424421	0.013355638417931824
799306444	10	2015-10-08	22983349	0.013286490556406889
799306444	10	2015-10-08	46134225	0.013262644266120923
799306444	10	2015-10-08	2257621	0.013208499884301858
799306444	10	2015-10-08	50483339	0.013200079410676987
799306444	10	2015-10-08	48659334	0.013200079410676987
799306444	10	2015-10-08	16937	0.013171712572139192
799306444	10	2015-10-08	30941255	0.013162677169214683
799306444	10	2015-10-08	49905245	0.013161031814069113
799306444	10	2015-10-08	8346993	0.013153875354840517
799306444	10	2015-10-08	6062228	0.013049880456138042
799306444	10	2015-10-08	45625352	0.013018121567260434
799306444	10	2015-10-08	249321	0.012999825283411919
799306444	10	2015-10-08	28254017	0.012972938572276568
799306444	10	2015-10-08	20830357	0.012958571927014028
799306444	10	2015-10-08	10229	0.012923685384007106
799306444	10	2015-10-08	37082926	0.012916490585201994
799306444	10	2015-10-08	50040658	0.012865845935101568
799306444	10	2015-10-08	2969606	0.01285308365696616
799306444	10	2015-10-08	38396214	0.012841522958618155
799306444	10	2015-10-08	4285059	0.012830865151938532
799306444	10	2015-10-08	22019638	0.012815141229484272
799306444	10	2015-10-08	22059521	0.012776674133365694
799306444	10	2015-10-08	6079437	0.01277526869468892
799306444	10	2015-10-08	31571883	0.012765834244004506
799306444	10	2015-10-08	21796092	0.012752087752803374
799306444	10	2015-10-08	3029917	0.012740533073844247
799306444	10	2015-10-08	50553539	0.012734124866508241
799306444	10	2015-10-08	31877946	0.012724123188635273
799306444	10	2015-10-08	47861209	0.012689136789587132
799306444	10	2015-10-08	40465	0.012672126569114397
799306444	10	2015-10-08	2969688	0.012669214405660918
799306444	10	2015-10-08	3073052	0.012662756130561227
799306444	10	2015-10-08	51801313	0.012655259758515584
799306444	10	2015-10-08	30825608	0.01265217956327866
799306444	10	2015-10-08	42818367	0.012646987883952746
799306444	10	2015-10-08	36378214	0.012645435142218865
799306444	10	2015-10-08	4568331	0.012630875565082116
799306444	10	2015-10-08	31611968	0.012620175595658312
799306444	10	2015-10-08	51342427	0.012568988992556545
799306444	10	2015-10-08	28839985	0.012564205107573459
799306444	10	2015-10-08	43623541	0.012559905155823045
799306444	10	2015-10-08	35034666	0.012517607967138094
799306444	10	2015-10-08	23678953	0.012517222522971837
799306444	10	2015-10-08	49905299	0.012497328487080803
799306444	10	2015-10-08	5482567	0.01247500596058661
799306444	10	2015-10-08	20774175	0.0124645381520175
799306444	10	2015-10-08	32668011	0.012449199449434482
799306444	10	2015-10-08	25664069	0.01238973176931686
799306444	10	2015-10-08	22015978	0.012376124255147147
799306444	10	2015-10-08	3646135	0.012349700687965013
799306444	10	2015-10-08	29282419	0.012228552361119832
799306444	10	2015-10-08	31402734	0.012185346555567453
799306444	10	2015-10-08	26618474	0.0121525614951285
799306444	10	2015-10-08	30942757	0.012137958556403582
799306444	10	2015-10-08	6134949	0.012116372128530737
799306444	10	2015-10-08	23685863	0.012080160269437291
799306444	10	2015-10-08	3332567	0.012078819731961688
799306444	10	2015-10-08	5290083	0.01207466712245832
799306444	10	2015-10-08	5554040	0.012068721667751905
799306444	10	2015-10-08	2983007	0.012025351460143604
799306444	10	2015-10-08	38395483	0.012020091937447385
799306444	10	2015-10-08	39042062	0.011997463196561307
799306444	10	2015-10-08	49175000	0.011966294289062589
799306444	10	2015-10-08	41334492	0.011958766533173492
799306444	10	2015-10-08	39126037	0.011934478709632199
799306444	10	2015-10-08	23151846	0.01188711990840581
799306444	10	2015-10-08	4414231	0.011850042430748478
799306444	10	2015-10-08	5686716	0.011825917998763511
799306444	10	2015-10-08	4031787	0.011816422142851932
799306444	10	2015-10-08	5226818	0.011816193310334995
799306444	10	2015-10-08	50548145	0.011770878827233456
799306444	10	2015-10-08	51342429	0.011752293154630175
799306444	10	2015-10-08	31185918	0.011750086305184298
799306444	10	2015-10-08	37008619	0.011689955761347775
799306444	10	2015-10-08	50427444	0.01168138300773826
799306444	10	2015-10-08	28945133	0.011680160432756164
799306444	10	2015-10-08	31696989	0.011668895330870569
799306444	10	2015-10-08	37566040	0.01158578589221443
799306444	10	2015-10-08	30825248	0.011522994101607021
799306444	10	2015-10-08	50981999	0.011507562439570582
799306444	10	2015-10-08	28898540	0.011493779925790485
799306444	10	2015-10-08	49504543	0.011476345978911342
799306444	10	2015-10-08	31481537	0.01147016977388438
799306444	10	2015-10-08	7648280	0.011467986082882168
799306444	10	2015-10-08	37349944	0.01146111637726159
799306444	10	2015-10-08	26618478	0.011456241208001053
799306444	10	2015-10-08	42926587	0.01144860031479594
799306444	10	2015-10-08	37777468	0.011442806901023788
799306444	10	2015-10-08	50863772	0.011401407923992498
799306444	10	2015-10-08	23161921	0.011394935025622827
799306444	10	2015-10-08	21800881	0.0113894987341467
799306444	10	2015-10-08	4544658	0.011383479638363902
799306444	10	2015-10-08	5739372	0.01135894471018287
799306444	10	2015-10-08	5549182	0.01132642679849867
799306444	10	2015-10-08	21324822	0.011319226665057034
799306444	10	2015-10-08	39295982	0.011284093352549573
799306444	10	2015-10-08	22779083	0.011262389004369664
799306444	10	2015-10-08	27618094	0.011251451999032347
799306444	10	2015-10-08	3073082	0.011236388693478849
799306444	10	2015-10-08	43598513	0.011235793322973147
799306444	10	2015-10-08	446940	0.011195524302852308
799306444	10	2015-10-08	50634638	0.011177376291129918
799306444	10	2015-10-08	49355218	0.011152324453322
799306444	10	2015-10-08	22078976	0.011144304020113927
799306444	10	2015-10-08	50240552	0.011136520808501166
799306444	10	2015-10-08	34974190	0.011107078295116188
799306444	10	2015-10-08	5333261	0.011096682564256482
799306444	10	2015-10-08	48584034	0.011085820882503641
799306444	10	2015-10-08	50330803	0.011073157120337502
799306444	10	2015-10-08	49902804	0.011050064352787157
799306444	10	2015-10-08	3431799	0.011027315510115552
799306444	10	2015-10-08	31144327	0.010995502532375268
799306444	10	2015-10-08	2884025	0.010966097041130026
799306444	10	2015-10-08	51212167	0.010961653957351877
799306444	10	2015-10-08	50435769	0.010959672396706267
799306444	10	2015-10-08	31402945	0.010933764028279903
799306444	10	2015-10-08	28046385	0.01087362443273268
799306444	10	2015-10-08	41334547	0.010864287036150423
799306444	10	2015-10-08	6052404	0.010852912401555698
799306444	10	2015-10-08	51353883	0.010824340066377204
799306444	10	2015-10-08	50863820	0.010790196985041385
799306444	10	2015-10-08	31402756	0.010782212487935044
799306444	10	2015-10-08	42824910	0.010773892577985054
799306444	10	2015-10-08	49731642	0.010728517157661085
799306444	10	2015-10-08	50495095	0.010695160717225372
799306444	10	2015-10-08	48668970	0.010684503494047997
799306444	10	2015-10-08	49445748	0.010670789514464905
799306444	10	2015-10-08	51080918	0.01066783074990935
799306444	10	2015-10-08	50786319	0.010667734143374328
799306444	10	2015-10-08	31782616	0.010600542498237811
799306444	10	2015-10-08	31402954	0.010589369465358156
799306444	10	2015-10-08	30740763	0.0105875609438706
799306444	10	2015-10-08	37365910	0.010569390537245895
799306444	10	2015-10-08	5584030	0.0105302584358746
799306444	10	2015-10-08	3636207	0.010528392903929127
799306444	10	2015-10-08	32668005	0.010522830430470352
799306444	10	2015-10-08	3023820	0.010510109247368931
799306444	10	2015-10-08	50563145	0.010488439302323318
799306444	10	2015-10-08	50744162	0.010463944494787204
799306444	10	2015-10-08	48892677	0.01045894608554935
799306444	10	2015-10-08	31402747	0.010432007877181751
799306444	10	2015-10-08	48850235	0.010421995442368026
799306444	10	2015-10-08	22118899	0.01039306824121261
799306444	10	2015-10-08	49845177	0.010358001445719418
799306444	10	2015-10-08	49401663	0.010357826440338587
799306444	10	2015-10-08	3633256	0.010334997841090552
799306444	10	2015-10-08	442679	0.010328966461853599
799306444	10	2015-10-08	34974196	0.010299814626434117
799306444	10	2015-10-08	21955391	0.01027322021715624
799306444	10	2015-10-08	21910538	0.01023433197683143
799306444	10	2015-10-08	31363641	0.010214884120187874
799306444	10	2015-10-08	38400331	0.010185103595182935
799306444	10	2015-10-08	50996564	0.01018461415614851
799306444	10	2015-10-08	49647291	0.010162023952232637
799306444	10	2015-10-08	49902283	0.01013999328392612
799306444	10	2015-10-08	29814087	0.01013359883017101
799306444	10	2015-10-08	46834816	0.010132583569853153
799306444	10	2015-10-08	50536268	0.010127359426421451
799306444	10	2015-10-08	40224039	0.010054203985733009
799306444	10	2015-10-08	23229366	0.01004324082129942
799306444	10	2015-10-08	21962752	0.009992095091648341
799306444	10	2015-10-08	24035120	0.009978322116272953
799306444	10	2015-10-08	3586118	0.009977736591359459
799306444	10	2015-10-08	3015965	0.009921680715833235
799306444	10	2015-10-08	22422377	0.009897215140263163
799306444	10	2015-10-08	30941259	0.009887102552075607
799306444	10	2015-10-08	5483666	0.009878742244670193
799306444	10	2015-10-08	35805019	0.00986765338412716
799306444	10	2015-10-08	5401207	0.009829713938420187
799306444	10	2015-10-08	31468833	0.009803851964947376
799306444	10	2015-10-08	22683417	0.009783452335986658
799306444	10	2015-10-08	48420344	0.009725665357357144
799306444	10	2015-10-08	39265485	0.00966802833557845
799306444	10	2015-10-08	20774177	0.009602653020203538
799306444	10	2015-10-08	51802360	0.00958963536630882
799306444	10	2015-10-08	20728027	0.009588517129421081
799306444	10	2015-10-08	5284526	0.00958327544025116
799306444	10	2015-10-08	51352839	0.009577452935442342
799306444	10	2015-10-08	20822252	0.00954437398989409
799306444	10	2015-10-08	6032450	0.00948644306089921
799306444	10	2015-10-08	39296904	0.009459158057092852
799306444	10	2015-10-08	31447393	0.009456692261358307
799306444	10	2015-10-08	21207	0.009428725806754018
799306444	10	2015-10-08	268087	0.009396202981546342
799306444	10	2015-10-08	4094288	0.009251074601659139
799306444	10	2015-10-08	6032901	0.009250555859949543
799306444	10	2015-10-08	28002805	0.009213423641226008
799306444	10	2015-10-08	5397844	0.009209100815451463
799306444	10	2015-10-08	21912188	0.009207278661474277
799306444	10	2015-10-08	48754845	0.009068891452058922
799306444	10	2015-10-08	29067701	0.008928590748854102
799306444	10	2015-10-08	41671624	0.008923206460093506
799306444	10	2015-10-08	25585606	0.008841949348647358
799306444	10	2015-10-08	31363558	0.008831416809213979
799306444	10	2015-10-08	50744558	0.008751267741885482
799306444	10	2015-10-08	5207473	0.008647766690797514
799306444	10	2015-10-08	51419025	0.008577230623401044
799306444	10	2015-10-08	51777074	0.008577230623401044
799306444	10	2015-10-08	31318467	0.008536906904792188
799306444	10	2015-10-08	47831799	0.00850405364400946
799306444	10	2015-10-08	31146164	0.008437165791326879
799306444	10	2015-10-08	41671662	0.008157208874305311
799306444	10	2015-10-08	31144330	0.008150671227276828
799306444	10	2015-10-08	31184198	0.00814095876054169
799306444	10	2015-10-08	31384372	0.00813707543594797
799306444	10	2015-10-08	21868052	0.008136662467916427
799306444	10	2015-10-08	31782618	0.008115076655347893
799306444	10	2015-10-08	31149713	0.007990648604148833
799306444	10	2015-10-08	24128813	0.007979058929129847
799306444	10	2015-10-08	29564771	0.007864129131881264
799306444	10	2015-10-08	28953717	0.007852659272419446
799306444	10	2015-10-08	563040	0.007844363190866326
799306444	10	2015-10-08	48167398	0.00782990448893475
799306444	10	2015-10-08	42636926	0.00782990448893475
799306444	10	2015-10-08	50770457	0.00782990448893475
799306444	10	2015-10-08	46834795	0.007750231802111907
799306444	10	2015-10-08	3323374	0.007687330798744515
799306444	10	2015-10-08	48667801	0.007654615720236642
799306444	10	2015-10-08	26618486	0.0076425523736491
799306444	10	2015-10-08	34974135	0.00760625681292398
799306444	10	2015-10-08	39043197	0.007587861969035627
799306444	10	2015-10-08	48775220	0.007555084874252699
799306444	10	2015-10-08	48167432	0.007555084874252699
799306444	10	2015-10-08	34974165	0.007538854812813166
799306444	10	2015-10-08	29564775	0.007535478235572991
799306444	10	2015-10-08	39296929	0.007490785110257634
799306444	10	2015-10-08	31428254	0.00744557066817756
799306444	10	2015-10-08	6969429	0.007231146976315856
799306444	10	2015-10-08	50692499	0.007192226524731613
799306444	10	2015-10-08	13792191	0.007082415091122553
799306444	10	2015-10-08	39569098	0.007074175983591559
799306444	10	2015-10-08	35436436	0.007029362545689129
799306444	10	2015-10-08	42826624	0.006972043999264478
799306444	10	2015-10-08	46834782	0.0069508999249206895
799306444	10	2015-10-08	22015330	0.006926738606127299
799306444	10	2015-10-08	37772296	0.006901921893328536
799306444	10	2015-10-08	34974228	0.0068825484350834385
799306444	10	2015-10-08	41089151	0.0068770839257383245
799306444	10	2015-10-08	46834809	0.006837853100800881
799306444	10	2015-10-08	4423549	0.00680781064510006
799306444	10	2015-10-08	4554045	0.006804897695688903
799306444	10	2015-10-08	35394585	0.006780896196623306
799306444	10	2015-10-08	50921781	0.006769154376217989
799306444	10	2015-10-08	31185364	0.006694226356370674
799306444	10	2015-10-08	50064557	0.006557042246293705
799306444	10	2015-10-08	5895639	0.0063266740606819334
799306444	10	2015-10-08	48472497	0.0063019608278260175
799306444	10	2015-10-08	49733064	0.006241385237922816
799306444	10	2015-10-08	254373	0.006184366444283677
799306444	10	2015-10-08	50064533	0.006168700968446107
799306444	10	2015-10-08	31184196	0.0061616307314880355
799306444	10	2015-10-08	21687872	0.006152276006209678
799306444	10	2015-10-08	28953715	0.006056611810300305
799306444	10	2015-10-08	39080395	0.006035316746888192
799306444	10	2015-10-08	21444826	0.0059991574314440825
799306444	10	2015-10-08	50064540	0.0059987315982806535
799306444	10	2015-10-08	29067709	0.00590325497413382
799306444	10	2015-10-08	35034385	0.00590325497413382
799306444	10	2015-10-08	31144332	0.005891638193494635
799306444	10	2015-10-08	31363576	0.005856547540747786
799306444	10	2015-10-08	5207471	0.005815191561859211
799306444	10	2015-10-08	50272785	0.0058121967399628344
799306444	10	2015-10-08	27378089	0.005807023557478152
799306444	10	2015-10-08	43623415	0.00580328268380568
799306444	10	2015-10-08	40853662	0.0057850374641430224
799306444	10	2015-10-08	3312469	0.005777361141270912
799306444	10	2015-10-08	558308	0.005718255761525669
799306444	10	2015-10-08	50744536	0.005697092337595737
799306444	10	2015-10-08	31664910	0.005678572359137848
799306444	10	2015-10-08	39388804	0.005669369096006307
799306444	10	2015-10-08	31417226	0.0056151155121183655
799306444	10	2015-10-08	4362415	0.005613805137435285
799306444	10	2015-10-08	35804985	0.005562390255152108
799306444	10	2015-10-08	44386935	0.005527121846199815
799306444	10	2015-10-08	41595132	0.00551112289172217
799306444	10	2015-10-08	50921776	0.005463678723901373
799306444	10	2015-10-08	31658331	0.0054529782217091986
799306444	10	2015-10-08	25997437	0.005392280244094393
799306444	10	2015-10-08	42785197	0.005311539325207811
799306444	10	2015-10-08	31664906	0.005287575069471391
799306444	10	2015-10-08	31664820	0.005258447140816145
799306444	10	2015-10-08	5810908	0.0052409147499576985
799306444	10	2015-10-08	39686978	0.005186241669978263
799306444	10	2015-10-08	5350040	0.005176411116144122
799306444	10	2015-10-08	31783298	0.00514699648654047
799306444	10	2015-10-08	47497690	0.005137772710629865
799306444	10	2015-10-08	445060	0.0051044084396030835
799306444	10	2015-10-08	29564773	0.005042168289372242
799306444	10	2015-10-08	5895637	0.005005308414408404
799306444	10	2015-10-08	4852519	0.005004024548142586
799306444	10	2015-10-08	40696762	0.004998866692769343
799306444	10	2015-10-08	44386896	0.004985791911678899
799306444	10	2015-10-08	24400663	0.004943528968671762
799306444	10	2015-10-08	49462681	0.004904508835025261
799306444	10	2015-10-08	42788605	0.004899702862901864
799306444	10	2015-10-08	41673760	0.0048661426790434234
799306444	10	2015-10-08	28652779	0.004842214895979016
799306444	10	2015-10-08	86420	0.004817169639219389
799306444	10	2015-10-08	22909292	0.0048064132492098835
799306444	10	2015-10-08	42788600	0.00478848106237384
799306444	10	2015-10-08	2713879	0.004760893281121207
799306444	10	2015-10-08	51211135	0.004707243373460125
799306444	10	2015-10-08	2542657	0.00469642967237184
799306444	10	2015-10-08	42826627	0.00463265284976709
799306444	10	2015-10-08	22049454	0.004600466830303745
799306444	10	2015-10-08	42785292	0.004507942062475467
799306444	10	2015-10-08	2746059	0.004498538538512785
799306444	10	2015-10-08	6109597	0.004404322700846641
799306444	10	2015-10-08	43190917	0.00439269318828956
799306444	10	2015-10-08	20855074	0.0043422807061330925
799306444	10	2015-10-08	4858112	0.0043386812917460375
799306444	10	2015-10-08	30729039	0.004319587640142647
799306444	10	2015-10-08	4459513	0.004313092241682039
799306444	10	2015-10-08	2969132	0.0043091858504516155
799306444	10	2015-10-08	2967716	0.004253838793809584
799306444	10	2015-10-08	42785190	0.004222659043832641
799306444	10	2015-10-08	30566272	0.0042160718781845885
799306444	10	2015-10-08	31782612	0.004180642013586051
799306444	10	2015-10-08	43703193	0.004176419564380713
799306444	10	2015-10-08	33475267	0.0041675239793485044
799306444	10	2015-10-08	5690280	0.004163965204954029
799306444	10	2015-10-08	41121018	0.0041448046438491044
799306444	10	2015-10-08	21687997	0.00407502554585925
799306444	10	2015-10-08	3029504	0.004021593234716106
799306444	10	2015-10-08	25642662	0.0040008135683058275
799306444	10	2015-10-08	5428945	0.003996945550822658
799306444	10	2015-10-08	6969427	0.003926390027861465
799306444	10	2015-10-08	37296487	0.003925737756608357
799306444	10	2015-10-08	31396919	0.003900963129618586
799306444	10	2015-10-08	31964272	0.003899413634086272
799306444	10	2015-10-08	31048329	0.0038249985210621535
799306444	10	2015-10-08	5310725	0.0038217259072152077
799306444	10	2015-10-08	36438630	0.003794576522764197
799306444	10	2015-10-08	45691577	0.003789248113485604
799306444	10	2015-10-08	26240947	0.003733233422642585
799306444	10	2015-10-08	4857422	0.0036779980049736942
799306444	10	2015-10-08	21868054	0.0036402155377552006
799306444	10	2015-10-08	101575	0.003603831627715353
799306444	10	2015-10-08	47633896	0.00355764055494439
799306444	10	2015-10-08	31184427	0.003554516743341858
799306444	10	2015-10-08	3029494	0.0035446739440790215
799306444	10	2015-10-08	5245047	0.0035366074837065516
799306444	10	2015-10-08	47220913	0.003517219848249253
799306444	10	2015-10-08	35189050	0.0034991761353657643
799306444	10	2015-10-08	31184580	0.0034653296874899834
799306444	10	2015-10-08	20732613	0.0034147341629005715
799306444	10	2015-10-08	3666917	0.0033981248111206574
799306444	10	2015-10-08	20318	0.0033916627637458766
799306444	10	2015-10-08	45665807	0.0033470366801917643
799306444	10	2015-10-08	31567307	0.003342407206060386
799306444	10	2015-10-08	553657	0.003310582775257066
799306444	10	2015-10-08	31184200	0.00330539393104332
799306444	10	2015-10-08	31516612	0.003245371395218493
799306444	10	2015-10-08	47411652	0.003201484161633526
799306444	10	2015-10-08	22081814	0.0031939368377526004
799306444	10	2015-10-08	23537054	0.003181907868851794
799306444	10	2015-10-08	4179262	0.0031499116582954676
799306444	10	2015-10-08	5915961	0.0031225534957848725
799306444	10	2015-10-08	21910542	0.0031220674804935894
799306444	10	2015-10-08	30824438	0.003115238444377466
799306444	10	2015-10-08	4955255	0.0030960241747319804
799306444	10	2015-10-08	5291433	0.003074203965906988
799306444	10	2015-10-08	4571173	0.0030347795381803493
799306444	10	2015-10-08	5789855	0.0030315386211254153
799306444	10	2015-10-08	5433221	0.003011625217043263
799306444	10	2015-10-08	24157418	0.0029971465160024326
799306444	10	2015-10-08	3703524	0.0029950433469450866
799306444	10	2015-10-08	30977318	0.002990250759640102
799306444	10	2015-10-08	929921	0.0029697822910085105
799306444	10	2015-10-08	51552772	0.0026328697446799548
799306444	10	2015-10-08	5349888	0.0024858688838935157
799306444	10	2015-10-08	3029895	0.0024482779017721778
799306444	10	2015-10-08	2967686	0.0023870786179622295
799306444	10	2015-10-08	3502150	0.0023511733146850244
799306444	10	2015-10-08	3048455	0.00235045344342884
799306444	10	2015-10-08	2967694	0.0023077273287521647
799306444	10	2015-10-08	30824440	0.0022859273422953757
799306444	10	2015-10-08	31782614	0.002127495727584129
799306444	10	2015-10-08	3546618	0.0020535581891210565
799306444	10	2015-10-08	39103078	0.002030226823359834
799306444	10	2015-10-08	5823859	0.0020164430874039635
799306444	10	2015-10-08	3029867	0.001929260481868187
799306444	10	2015-10-08	29150699	0.0019081745080598118
799306444	10	2015-10-08	40261817	0.0016854875058641304
799306444	10	2015-10-08	33121993	0.001664062675698075
799306444	10	2015-10-08	37913083	0.0016634764877886097
799306444	10	2015-10-08	40620966	0.0016583634851943196
799306444	10	2015-10-08	42784552	0.0016570141055807484
799306444	10	2015-10-08	3676595	0.0016552826219219594
799306444	10	2015-10-08	46896921	0.0016436487847195321
799306444	10	2015-10-08	5379076	0.001635732621899937
799306444	10	2015-10-08	51552786	0.0015689608819469756
799306444	10	2015-10-08	50245205	0.0015541500173601231
799306444	10	2015-10-08	4342333	0.0015502564139857219
799306444	10	2015-10-08	5284636	0.0015473934112596357
799306444	10	2015-10-08	30597438	0.0015036089793896265
799306444	10	2015-10-08	5782225	0.0014805978271391687
799306444	10	2015-10-08	44393046	0.001463306621584433
799306444	10	2015-10-08	41096723	0.001441775552458639
799306444	10	2015-10-08	27929834	0.0014310200347983403
799306444	10	2015-10-08	2967706	0.0014159857406356238
799306444	10	2015-10-08	3048457	0.0014050171206382472
799306444	10	2015-10-08	17166	0.0013945981948719872
799306444	10	2015-10-08	35968454	0.0013871357174499823
799306444	10	2015-10-08	33603486	0.001374679051358208
799306444	10	2015-10-08	41177300	0.0013664760074151964
799306444	10	2015-10-08	3388736	0.0013570084814301018
799306444	10	2015-10-08	3029510	0.0013496555113581294
799306444	10	2015-10-08	25107514	0.0013477219432116716
799306444	10	2015-10-08	37845158	0.001331499057405207
799306444	10	2015-10-08	40899111	0.0013144057530995634
799306444	10	2015-10-08	39296432	0.0013087970337883142
799306444	10	2015-10-08	4733285	0.0012906231244713216
799306444	10	2015-10-08	3029921	0.0012845027755421104
799306444	10	2015-10-08	5067377	0.0012843637552818474
799306444	10	2015-10-08	6866876	0.0012761385419762785
799306444	10	2015-10-08	30959271	0.0012669245536442197
799306444	10	2015-10-08	5879150	0.0012638841273587326
799306444	10	2015-10-08	30722764	0.0012552878872235445
799306444	10	2015-10-08	27211641	0.0012332932544467925
799306444	10	2015-10-08	30824430	0.0012313793309892543
799306444	10	2015-10-08	25202122	0.0012209974426357964
799306444	10	2015-10-08	31689686	0.001218522742523976
799306444	10	2015-10-08	31435160	0.001218522742523976
799306444	10	2015-10-08	36583613	0.001218522742523976
799306444	10	2015-10-08	41924658	0.0012046586105383473
799306444	10	2015-10-08	26638082	0.0012007066410986839
799306444	10	2015-10-08	6996309	0.001195024193265723
799306444	10	2015-10-08	6080507	0.0011918253810421439
799306444	10	2015-10-08	44778196	0.0011877216438281868
799306444	10	2015-10-08	51963675	0.0011772048090476618
799306444	10	2015-10-08	21665207	0.0011768216466299202
799306444	10	2015-10-08	4760500	0.0011700835594807973
799306444	10	2015-10-08	28458178	0.0011667821999814516
799306444	10	2015-10-08	30872771	0.0011557342265229365
799306444	10	2015-10-08	34830997	0.0011551745585475439
799306444	10	2015-10-08	36519629	0.0011527869943773862
799306444	10	2015-10-08	29505236	0.0011398236551292192
799306444	10	2015-10-08	4704604	0.0011398236551292192
799306444	10	2015-10-08	31673631	0.001135392229992366
799306444	10	2015-10-08	3928147	0.0011338530280622895
799306444	10	2015-10-08	39480586	0.0010916121864800313
799306444	10	2015-10-08	40377	0.0010838931433859575
799306444	10	2015-10-08	30845298	0.001083391408502486
799306444	10	2015-10-08	48169871	0.0010351092955800517
799306444	10	2015-10-08	50008808	8.051967193830604E-4
799306444	10	2015-10-08	47625978	7.975905869643182E-4
799306444	10	2015-10-08	50469649	7.47884019307608E-4
799306444	10	2015-10-08	29183168	7.2985270601866E-4
799306444	10	2015-10-08	32241163	6.884454656650435E-4
799306444	10	2015-10-08	21446908	6.64869558034354E-4
799306444	10	2015-10-08	5499714	6.401412079704382E-4
799306444	10	2015-10-08	45457148	6.25552428819886E-4
799306444	10	2015-10-08	42788611	6.186625514391568E-4
799306444	10	2015-10-08	2962956	5.6018930652043E-4
799306444	10	2015-10-08	51646444	5.109020482995358E-4
799306444	10	2015-10-08	29518865	4.663876275487495E-4
799306444	10	2015-10-08	50120037	3.5057412751219837E-4
799306444	10	2015-10-08	50296028	3.117509167261709E-4
799306444	10	2015-10-08	20749971	1.9310282344486886E-4
799306444	10	2015-10-08	43110171	1.106629523043371E-4
799306444	10	2015-10-08	29556472	1.0282880642095066E-4
799306444	10	2015-10-08	31395990	8.119742955822546E-5
799306444	10	2015-10-08	51817552	5.731194477346215E-5
799306444	10	2015-10-08	31504316	4.13078396601144E-5
799306444	10	2015-10-08	30143507	2.655002757649527E-5
799306444	10	2015-10-08	39479473	2.5198312144067614E-5
799306444	10	2015-10-08	49358246	1.7586767572632205E-5
799306444	10	2015-10-08	5845688	1.3525179852701381E-5
799306444	10	2015-10-08	10004	8.768089268442398E-6
799306444	10	2015-10-08	26904356	7.966311485607899E-6
799306444	10	2015-10-08	45288517	6.9946778704139015E-6
799306444	10	2015-10-08	23307265	6.948918549658237E-6
799306444	10	2015-10-08	5616019	5.7513602809543525E-6
799306444	10	2015-10-08	23081259	5.475449287640889E-6
799306444	10	2015-10-08	26323081	5.372946087849473E-6
799306444	10	2015-10-08	6114193	5.3372321350399695E-6
799306444	10	2015-10-08	6949290	2.0319573372509017E-6
